1144139828
1796156
6093410
79381173
800000092
800000439
800000946
800001965
800002030
800002482
800002609
800002784
800003383
800003644
800004800
800004865
800005151
800005154
800005900
800006332
800006785
800006911
800007122
800007202
800007473
800007813
800007955
800008151
800011002
800011207
800011987
800012080
800012375
800013349
800013455
800013834
800013912
800014574
800014620
800014875
800015583
800015615
800019249
800019615
800019993
800020220
800020706
800020719
800021013
800021033
800021272
800021390
800022371
800023162
800024075
800024390
800024711
800026030
800026092
800026212
800027374
800027847
800027867
800027890
800028326
800028458
800028532
800028768
800029569
800030412
800031358
800031781
800032484
800033159
800034825
800035290
800035606
800035776
800036675
800037129
800038703
800039398
800039439
800039813
800039996
800040880
800041007
800041723
800041731
800041787
800041829
800042175
800042471
800042928
800043202
800043282
800043907
800043910
800044335
800044807
800046125
800046226
800046878
800047031
800047489
800048943
800048954
800049083
800049489
800050603
800051232
800051319
800051817
800051838
800051998
800052534
800052640
800053310
800055116
800055554
800056544
800056821
800058195
800058607
800058709
800058856
800059470
800059688
800060530
800060880
800061228
800061357
800061585
800062127
800063823
800064126
800064192
800065006
800066001
800066123
800066247
800066388
800067065
800067861
800069419
800069933
800070221
800070853
800071617
800072607
800072959
800074047
800074912
800076771
800077098
800077635
800078360
800079536
800080575
800081030
800081507
800081664
800082585
800084048
800084728
800084858
800085349
800085606
800087219
800087297
800087565
800087652
800087795
800088155
800088702
800089111
800089312
800089439
800089809
800090890
800090902
800091549
800092138
800092641
800092723
800092777
800092967
800093257
800094327
800095007
800096040
800097402
800097540
800097956
800097960
800098112
800098565
800098601
800098622
800098777
800098870
800100610
800101289
800101399
800101613
800102638
800103052
800103903
800104552
800105213
800105706
800106339
800106404
800108330
800110385
800110980
800111991
800112214
800112440
800113549
800114672
800114766
800115720
800116164
800116211
800116871
800117564
800117874
800118334
800118736
800118986
800119568
800120175
800120681
800120851
800121118
800121199
800123057
800123264
800125313
800125639
800126688
800126785
800127132
800127648
800127851
800128245
800128680
800128735
800128867
800128989
800130426
800130985
800133807
800134371
800134536
800134597
800134634
800134853
800134939
800135913
800136105
800136505
800136835
800137370
800137486
800138082
800138541
800138897
800139398
800139545
800140132
800141770
800142319
800142811
800142820
800143377
800144355
800144465
800144813
800144934
800144976
800146041
800146425
800146643
800147312
800148972
800149026
800149149
800149246
800149384
800149671
800149695
800150223
800150534
800151175
800151512
800151545
800151988
800152025
800152751
800153424
800153677
800153963
800153970
800153993
800154351
800154576
800154837
800155500
800156044
800156354
800156467
800156635
800156889
800157130
800157629
800158850
800159100
800159244
800159856
800161538
800161555
800161568
800161656
800162451
800162553
800162612
800164590
800164764
800164767
800165377
800166132
800166833
800167643
800167847
800167898
800168221
800168533
800169352
800169799
800170552
800170737
800170865
800171079
800171338
800171809
800172188
800173111
800173389
800174135
800174633
800174851
800175223
800175457
800175474
800175746
800175937
800177119
800177588
800177797
800178052
800179308
800180375
800180832
800181749
800182091
800182442
800182856
800182918
800183169
800183188
800183661
800184195
800184269
800184925
800185039
800185150
800185306
800185347
800186284
800186561
800186656
800186891
800186960
800187234
800187974
800188660
800189010
800189687
800189827
800190665
800190858
800191700
800192101
800193444
800193630
800193639
800193902
800194208
800195393
800196299
800196312
800196426
800198076
800198591
800199453
800199498
800199900
800200635
800200934
800200969
800202395
800203642
800203984
800204226
800204462
800204486
800205150
800205216
800205416
800206075
800206842
800207646
800207932
800208449
800208785
800210144
800210409
800210453
800210734
800210865
800212840
800213511
800214001
800214243
800214589
800215227
800215493
800215494
800215496
800215775
800216499
800216728
800217481
800218682
800218958
800219028
800219347
800219668
800219678
800219876
800219925
800220148
800220190
800221616
800221724
800221789
800221918
800222189
800222648
800222753
800223214
800223938
800224082
800224148
800224617
800225057
800225742
800226013
800226360
800226384
800226784
800226833
800226887
800226901
800226923
800227924
800228026
800229035
800229172
800229279
800229663
800230209
800230447
800230829
800231602
800232283
800232356
800232359
800232449
800233052
800236021
800236772
800236839
800236937
800237412
800237456
800239064
800240061
800240190
800240450
800241495
800241810
800241958
800242106
800242394
800242427
800242586
800243991
800245344
800245746
800246805
800246963
800247030
800247851
800247852
800248092
800248701
800248806
800249174
800249315
800249687
800249704
800249805
800249813
800249860
800250328
800250382
800250741
800250778
800251163
800251569
800251710
800251760
800251957
800252396
800253018
800253360
800254610
800255589
800255754
801000091
801001540
801002644
801003052
801004063
802001105
802003229
802006240
802007669
802011109
802013501
802017913
802019339
802025052
804000044
804002008
804002433
804002801
804003472
804004262
804004553
804005049
804005914
804006674
804007120
804009907
804011015
804011536
804015099
804016642
804017575
805001194
805001538
805001632
805002036
805002803
805002966
805003755
805004875
805005383
805006014
805007083
805007853
805009691
805012168
805012368
805012376
805012526
805013591
805014222
805014351
805014619
805015407
805015792
805015900
805016928
805017736
805017818
805019490
805019560
805019723
805019778
805020771
805022185
805022756
805023269
805024696
805025449
805025495
805025631
805026666
805027231
805027617
805027987
805028810
805029690
805030106
805030706
805031628
806006113
806007073
806007665
806008047
806009543
806014553
806015323
806015647
806016321
807001845
807004756
807005005
807005020
807005214
809000555
809000876
809002300
809002625
809005892
809007949
809009050
809011022
810000500
810000520
810000598
810000882
810001898
810002646
810002788
810003081
810004032
810005636
810006133
811000242
811000506
811000740
811000831
811000955
811001005
811001259
811001646
811001723
811002480
811003513
811004786
811005042
811005246
811005276
811005390
811005902
811006043
811006409
811006418
811006765
811006789
811007125
811007144
811007601
811007707
811007713
811008778
811008963
811009329
811009452
811009988
811010485
811010574
811010679
811011194
811011426
811011779
811011781
811011909
811012106
811012208
811012403
811012427
811012912
811014232
811014895
811014994
811015441
811015511
811015602
811016211
811016822
811016824
811017000
811017434
811017576
811018613
811018676
811019190
811019880
811020038
811020075
811021223
811021246
811021654
811021772
811021798
811022302
811022382
811022490
811022796
811022799
811022981
811023441
811023952
811024010
811024067
811024414
811025289
811025696
811026845
811027052
811027425
811027587
811027885
811028445
811028538
811028567
811028650
811028981
811029147
811029191
811031208
811031212
811031313
811031456
811031709
811032919
811033005
811033238
811035741
811036030
811036819
811036875
811038014
811038173
811038570
811039091
811039342
811039929
811039981
811041369
811041448
811041784
811042064
811042079
811042361
811042572
811043174
811043844
811044289
811044814
811046078
811046120
811046559
811046781
811047008
811047208
812000025
812000364
812003483
813000052
813002096
813002696
813002781
813004147
813005938
813007147
814000704
814001419
814002830
814003583
815000649
815000764
815000855
815000863
815001074
815001444
815001544
815001629
815001802
815001901
815002042
815002936
815003912
816000586
816000975
816001609
816002017
816002020
816003186
816003624
816004007
816004029
816004182
816004795
816004965
816004998
816006362
816006449
816007215
816007299
816008774
817000680
817000724
817000747
817000790
817000808
817000823
817000970
817001644
817001672
817001685
817002510
817002589
817002753
817003055
817003166
818000202
818000263
818000293
819000939
819001667
819003591
819003851
819003962
819006966
819007201
820000671
821000169
821000448
821002115
822001073
822001731
822001833
822003732
822004990
822005514
822007126
823000097
823004006
824000687
824004997
826000089
827000108
827000189
830000213
830000556
830000861
830000922
830001133
830001362
830001637
830002366
830002571
830003960
830004993
830005028
830005433
830005448
830005905
830006051
830006392
830006735
830006901
830007240
830007355
830007399
830007710
830007716
830008146
830008300
830008524
830009573
830009600
830009725
830010181
830010337
830010484
830011015
830011068
830011089
830011100
830011337
830011641
830012053
830012269
830012344
830012555
830012863
830012969
830013774
830014061
830014614
830014752
830014825
830015429
830015670
830015764
830015820
830015870
830015923
830016488
830017184
830017271
830018146
830018198
830018214
830018350
830019403
830019746
830019887
830020272
830020915
830021692
830021894
830022319
830022354
830022634
830023458
830023518
830023844
830024974
830025104
830025149
830025205
830025224
830025281
830025533
830025699
830026343
830026496
830026512
830026811
830027158
830027231
830027386
830027558
830028931
830029102
830029321
830030574
830030945
830032256
830032436
830032559
830032945
830033050
830033177
830033279
830033457
830033494
830034195
830034233
830034343
830035217
830035246
830035316
830035904
830036108
830036645
830036921
830036992
830037039
830037248
830037582
830037946
830037955
830038753
830038852
830038886
830039229
830039537
830039568
830039854
830040045
830040184
830040343
830040455
830040574
830040575
830040709
830040767
830041054
830041488
830041598
830041784
830041824
830042244
830042508
830042586
830043252
830043424
830044266
830044682
830045040
830045348
830045427
830045472
830045523
830045752
830045768
830045893
830046757
830046791
830047078
830047444
830048122
830048145
830048362
830048588
830048991
830049051
830049630
830050213
830050228
830050346
830050369
830050473
830051440
830051573
830051740
830051753
830051924
830051928
830051952
830053137
830053180
830053800
830054002
830054364
830054904
830055049
830055643
830055659
830055791
830055991
830056113
830056149
830056322
830056578
830057144
830057171
830057186
830057706
830058056
830058072
830058081
830058181
830058272
830058533
830058677
830058737
830058969
830059699
830059718
830059754
830060331
830060529
830060602
830060901
830061446
830061961
830062005
830062853
830063506
830063747
830063800
830064712
830065063
830065157
830065427
830065485
830065609
830066015
830066623
830066664
830066854
830067329
830067384
830067394
830067414
830067557
830068204
830068318
830069259
830069306
830069756
830070192
830070527
830070685
830071137
830071696
830072490
830072826
830073033
830073115
830073329
830073570
830073592
830074144
830074208
830074291
830074642
830075260
830075451
830075489
830075684
830075942
830075976
830076125
830076778
830076882
830077389
830077515
830077655
830077981
830078000
830078512
830078515
830078644
830078966
830079375
830079434
830079490
830079716
830079821
830079892
830080190
830080201
830081407
830081566
830083392
830084433
830084544
830085087
830085294
830085426
830086206
830087030
830087178
830087275
830087721
830087817
830087832
830087848
830088574
830089480
830089530
830089785
830091361
830091676
830091739
830092048
830092461
830092963
830092965
830094284
830094751
830095169
830095213
830095890
830096047
830096299
830096374
830096685
830097134
830097607
830097669
830098119
830098290
830099025
830099238
830101160
830101217
830102080
830103330
830103572
830103718
830103877
830104453
830104914
830106474
830106854
830106920
830107528
830107617
830108355
830108866
830109536
830109723
830109997
830110109
830110347
830111367
830111789
830112317
830112333
830112464
830113035
830113435
830114721
830114921
830115054
830115079
830115136
830115250
830115570
830116638
830117106
830117370
830117701
830118812
830119051
830120839
830121259
830122566
830122983
830123029
830123446
830124781
830124904
830126204
830126395
830127962
830128046
830129016
830129327
830130125
830131993
830132153
830134845
830134897
830135229
830135980
830136200
830136799
830136865
830137921
830137962
830138217
830138262
830140321
830140354
830140704
830141093
830143035
830144288
830144306
830146669
830147192
830147341
830500729
830500960
830501576
830501636
830505238
830507167
830507278
830507412
830507718
830510787
830511329
830511745
830511795
830512205
830512347
830512478
830513238
830514167
830514973
830515294
832000776
832000803
832001512
832004104
832008555
832010819
835000149
835001161
836000548
838000218
844000755
844001456
846000060
846000553
860000006
860000018
860000054
860000065
860000100
860000135
860000189
860000198
860000258
860000261
860000294
860000315
860000332
860000339
860000452
860000580
860000596
860000615
860000655
860000719
860000751
860000753
860000762
860000794
860000862
860000896
860000968
860000989
860001022
860001056
860001093
860001130
860001152
860001300
860001307
860001324
860001386
860001474
860001498
860001552
860001558
860001560
860001576
860001584
860001605
860001607
860001615
860001619
860001697
860001743
860001755
860001771
860001781
860001789
860001847
860001860
860001911
860001942
860001963
860001965
860001978
860001999
860002017
860002026
860002066
860002067
860002097
860002101
860002119
860002120
860002127
860002130
860002134
860002153
860002190
860002274
860002302
860002304
860002392
860002428
860002433
860002445
860002455
860002459
860002464
860002518
860002523
860002536
860002537
860002538
860002554
860002566
860002576
860002585
860002590
860002595
860002693
860003003
860003168
860003211
860003216
860003228
860003437
860003563
860003831
860003956
860004137
860004655
860004755
860004828
860004855
860004902
860004922
860005050
860005062
860005070
860005074
860005080
860005101
860005114
860005194
860005223
860005224
860005264
860005265
860005289
860005396
860005444
860005669
860005813
860006127
860006160
860006327
860006333
860006537
860006543
860006628
860006644
860006765
860006853
860006965
860007277
860007336
860007668
860007738
860007873
860007884
860007955
860007972
860008018
860008067
860008355
860008386
860008424
860008448
860008547
860008812
860008817
860008820
860008836
860008890
860009008
860009034
860009397
860009487
860009693
860009694
860009808
860009826
860010192
860010268
860010451
860010469
860010522
860010973
860012340
860013570
860013704
860013715
860013771
860013809
860013933
860013951
860014404
860014659
860014873
860015118
860015204
860015547
860015737
860015753
860016310
860016610
860016640
860016767
860017005
860017055
860019041
860019063
860019205
860020058
860020240
860020308
860020309
860020382
860020609
860021302
860021998
860022207
860023001
860023024
860023053
860023264
860023380
860023411
860023525
860023981
860024446
860024730
860024986
860025128
860025285
860025461
860025611
860025639
860025674
860025792
860025900
860025998
860026428
860026442
860026455
860026753
860026759
860026895
860027231
860027326
860027700
860027917
860028238
860028306
860028399
860028462
860028580
860028581
860028601
860028680
860029022
860029045
860029396
860029488
860029840
860029949
860029978
860029995
860029997
860030360
860030380
860030478
860030605
860030640
860030723
860030764
860030808
860030811
860030828
860030839
860031028
860031068
860031361
860031606
860031615
860031699
860031786
860031885
860032115
860032300
860032402
860032657
860032724
860032909
860032932
860033058
860033419
860033633
860033653
860033740
860034509
860034594
860034604
860034714
860034812
860034813
860034944
860035047
860035198
860035467
860035827
860035977
860036365
860036478
860036649
860036884
860037111
860037740
860037943
860038063
860038298
860038955
860039333
860039444
860039540
860039561
860039794
860040094
860040201
860040576
860040585
860041367
860041813
860041889
860042141
860042209
860043186
860043299
860044349
860044702
860044928
860045379
860045752
860045758
860045838
860046192
860046201
860046509
860046645
860047239
860047372
860047657
860047906
860048182
860048245
860048429
860048626
860048867
860049042
860049210
860049313
860049921
860049957
860050146
860050247
860050420
860050625
860050777
860050906
860050956
860051579
860051728
860051812
860051894
860052070
860052160
860052601
860052634
860052649
860052684
860052872
860052988
860052989
860053047
860053274
860053942
860054073
860054090
860054249
860054781
860054854
860054886
860055371
860055558
860055583
860056150
860056330
860056785
860056971
860058029
860058146
860058975
860058979
860059851
860061039
860062958
860063830
860063875
860065656
860065726
860065746
860066323
860066749
860066875
860067246
860067998
860068070
860068182
860068255
860068802
860068996
860069140
860069333
860069368
860069497
860069804
860069870
860070078
860070393
860070605
860070698
860070995
860071250
860071748
860071970
860072810
860074229
860074358
860074450
860074578
860074752
860075208
860075590
860075787
860076279
860076598
860076919
860077997
860078024
860078320
860078828
860079024
860079174
860079793
860079889
860079943
860079968
860090222
860090247
860090721
860090784
860090915
860350170
860350234
860350543
860350697
860350940
860351292
860351576
860352350
860352884
860353110
860400008
860400204
860400602
860400886
860401191
860402272
860402526
860402971
860403385
860403699
860450450
860450780
860450793
860450987
860451201
860451763
860500480
860500689
860501145
860501448
860501682
860502509
860502609
860502682
860502854
860503159
860503283
860503326
860504522
860504772
860504946
860505407
860506204
860506531
860506831
860507033
860508007
860508392
860508470
860509042
860509265
860509296
860509514
860509701
860509804
860510031
860510083
860510826
860511107
860511458
860511559
860512231
860512330
860512475
860512699
860512748
860513290
860513482
860513883
860515402
860515770
860515802
860515812
860516066
860516281
860516806
860517030
860517608
860517890
860517948
860518811
860518994
860519235
860519556
860520557
860521164
860521601
860521637
860522056
860522351
860523227
860523408
860523795
860524126
860524282
860524523
860524750
860524772
860526228
860526537
860526772
860526809
860527350
860527377
860527693
860527744
860527960
860528320
860528410
860528792
860529068
860529151
860529323
860530386
860530547
860530751
860530777
860531083
860531097
860531287
860531602
860531801
860531897
860532244
860532352
860532426
860534244
860535482
860536003
860536024
860536250
860536345
890000377
890000381
890000439
890003838
890100164
890100251
890100363
890100454
890100577
890101138
890101272
890101279
890101553
890101648
890101676
890101691
890101692
890101815
890102110
890103075
890103400
890104259
890104438
890104521
890105214
890105526
890106665
890106778
890110188
890110294
890110964
890112475
890113508
890114101
890115374
890116102
890117413
890200050
890200162
890200179
890200463
890200474
890200686
890201172
890201230
890201311
890201881
890203023
890203194
890203703
890203803
890203975
890204134
890204162
890204199
890204396
890204680
890204797
890205142
890205258
890205645
890205952
890206051
890206203
890206351
890206354
890206592
890207037
890207543
890207641
890208316
890208596
890208890
890209157
890209207
890209612
890211562
890211777
890212212
890212463
890212673
890300005
890300012
890300208
890300225
890300234
890300279
890300292
890300394
890300406
890300431
890300436
890300440
890300466
890300484
890300510
890300534
890300546
890300554
890300684
890300686
890300794
890300918
890301054
890301071
890301163
890301291
890301463
890301584
890301680
890301686
890301690
890301753
890301868
890301884
890301886
890301927
890301956
890301960
890302018
890302286
890302311
890302384
890302442
890302546
890302567
890302594
890302608
890302609
890302906
890302955
890303208
890304055
890304099
890304130
890304140
890304345
890304375
890304403
890304492
890304611
890304855
890305081
890305083
890305501
890305586
890305795
890306162
890307200
890307671
890307885
890310401
890311274
890311341
890311366
890311416
890311425
890311875
890312452
890312630
890312652
890312688
890312749
890315291
890315540
890317178
890317339
890317402
890317417
890318329
890318919
890319047
890319112
890319193
890319494
890320240
890320250
890320488
890321151
890321213
890321924
890322007
890322294
890322484
890323239
890323767
890324420
890324692
890325088
890325601
890326050
890327120
890327282
890327601
890328485
890329946
890331426
890332891
890333023
890333105
890399032
890400080
890400234
890400305
890400372
890400514
890400869
890401053
890401067
890401608
890401802
890401842
890403068
890403295
890403753
890404619
890404970
890500514
890500705
890500726
890501073
890501115
890501729
890501815
890502572
890502822
890502904
890503314
890503900
890503966
890504493
890505326
890505327
890600003
890680053
890700031
890700046
890700058
890700179
890700877
890702335
890702902
890705018
890707192
890800127
890800128
890800148
890800189
890800413
890800450
890800467
890800718
890800788
890800999
890801339
890801748
890801763
890801770
890801783
890802377
890802586
890802651
890803029
890803239
890804199
890805053
890805168
890805267
890805453
890806225
890806474
890806481
890806490
890806999
890807115
890807213
890807529
890807976
890900010
890900016
890900043
890900045
890900081
890900082
890900085
890900098
890900099
890900104
890900118
890900120
890900121
890900135
890900137
890900145
890900148
890900160
890900161
890900162
890900168
890900197
890900223
890900240
890900265
890900266
890900281
890900285
890900290
890900291
890900293
890900297
890900307
890900314
890900317
890900323
890900344
890900372
890900395
890900402
890900424
890900431
890900486
890900533
890900535
890900573
890900608
890900625
890900652
890900741
890900943
890901110
890901264
890901271
890901298
890901321
890901335
890901446
890901475
890901484
890901672
890901821
890901866
890901876
890902061
890902165
890902266
890903024
890903035
890903069
890903253
890903279
890903295
890903310
890903407
890903436
890903471
890903474
890903475
890903532
890903711
890903736
890903790
890903858
890903937
890903939
890904138
890904169
890904224
890904459
890904488
890904615
890904713
890904980
890904996
890905032
890905055
890905065
890905360
890905627
890905790
890905893
890906119
890906197
890906388
890906397
890906407
890906413
890906752
890906793
890906904
890907163
890907406
890907566
890907681
890907821
890907824
890907841
890908196
890908493
890908649
890908777
890908884
890908901
890909001
890909297
890910235
890910354
890910452
890910468
890910715
890911179
890911267
890911327
890911431
890911806
890911899
890911972
890912300
890912426
890912462
890912508
890912872
890913319
890913321
890913337
890913555
890913902
890913990
890914048
890914336
890914515
890914526
890914614
890914779
890915197
890915475
890915686
890916155
890916269
890916434
890916575
890916766
890916883
890916911
890916988
890917018
890917141
890917295
890917398
890917465
890917557
890917780
890918965
890919267
890919414
890919436
890919437
890919549
890920025
890920168
890920304
890920340
890920738
890920879
890921111
890921246
890921335
890921357
890921463
890921665
890921974
890922036
890922236
890922263
890922265
890922294
890922487
890922549
890922586
890923668
890923681
890924431
890924684
890924789
890925058
890925108
890925185
890925215
890926280
890926650
890926803
890926933
890926985
890927357
890927404
890927986
890928188
890928257
890928717
890929073
890929175
890929264
890929497
890929647
890929877
890930022
890930159
890930176
890930534
890930545
890930614
890930831
890931654
890931708
890932124
890932389
890932535
890932539
890932940
890933171
890933898
890934582
890935085
890935366
890935401
890935426
890935922
890936354
890936529
890936560
890936909
890937010
890937070
890938306
890938664
890938774
890939199
890939936
890939998
890940052
890940259
890941103
890941567
890941592
890941663
890941794
890941912
890942047
890942310
890942914
890943045
890981683
890984630
891000324
891100158
891100247
891100445
891100827
891101577
891102601
891102691
891102723
891103095
891104414
891180001
891180010
891180074
891200032
891200162
891200200
891201317
891201919
891202203
891224259
891300237
891300238
891300241
891300382
891300392
891300529
891300671
891300959
891300973
891301549
891303109
891303212
891303786
891304762
891304818
891400378
891400754
891400900
891401705
891401711
891401858
891407961
891408382
891408584
891408635
891408848
891409156
891409291
891410137
891500117
891500202
891500538
891700037
891701595
891702598
891800031
891800111
891800215
891800219
891855089
891856457
891900101
891900129
891902805
891903377
891904029
892000217
892000265
892002210
892002290
892099499
892115036
892200328
892201114
892300548
892300678
892400030
899999002
899999044
899999068
899999082
899999094
899999115
899999278
900007124
900007440
900007650
900008839
900009495
900009522
900010077
900010450
900010692
900011355
900011545
900012152
900013663
900013681
900015051
900016757
900017447
900018756
900020015
900020155
900024398
900024602
900027528
900027833
900030538
900032774
900032888
900034102
900035068
900038521
900038933
900039901
900040299
900040831
900041757
900042180
900042857
900043705
900044844
900047189
900047217
900047822
900048455
900048578
900053261
900053485
900053978
900055091
900055635
900057383
900058954
900059238
900060018
900060799
900061516
900062917
900062979
900064443
900066008
900066809
900067477
900068227
900068244
900068426
900068916
900070751
900072847
900073066
900073391
900074316
900074589
900075579
900076284
900076393
900076922
900077707
900078003
900078163
900078437
900078532
900079131
900079775
900079790
900080289
900081294
900081359
900081360
900081610
900081694
900082143
900083058
900083060
900083408
900083504
900083863
900084591
900086745
900087414
900089104
900089420
900089825
900090874
900091709
900091949
900092385
900093075
900093608
900098045
900103457
900103963
900104899
900106251
900107634
900108281
900111404
900112515
900112605
900114897
900115530
900116319
900117087
900118242
900119072
900120710
900123436
900123504
900123683
900124455
900124999
900126155
900126719
900126869
900127437
900128567
900128900
900128917
900129041
900129331
900129597
900130460
900130497
900131529
900132012
900133107
900134430
900134459
900136519
900136638
900136900
900137482
900138369
900138425
900138670
900139082
900139232
900144255
900145466
900146231
900146342
900147238
900147693
900148269
900149460
900151827
900152099
900152232
900153867
900154878
900154879
900154988
900155107
900156826
900157788
900158401
900160943
900161104
900161726
900163415
900163861
900164755
900165105
900165270
900167861
900169083
900170865
900170994
900173404
900173457
900174468
900176224
900176749
900178687
900178724
900179369
900180449
900182346
900183423
900184924
900187095
900187440
900188208
900188593
900189181
900189945
900191058
900191090
900191190
900192894
900193492
900194910
900195141
900195679
900197709
900199289
900199343
900202174
900202195
900203441
900204272
900204935
900206027
900207176
900208445
900209000
900209956
900210800
900211167
900211365
900212145
900213759
900214218
900216225
900218736
900219866
900224534
900224641
900225341
900226451
900228307
900230023
900230826
900231017
900231070
900232695
900233101
900234565
900237546
900237788
900237820
900239001
900241288
900241676
900241784
900243910
900245577
900248356
900248882
900249043
900249297
900250322
900250415
900251415
900252727
900253413
900254020
900255884
900257088
900258110
900260544
900261231
900261429
900262123
900262186
900265584
900266102
900266612
900269179
900269840
900273686
900274177
900274800
900275698
900277244
900277370
900279378
900279810
900282508
900284591
900284732
900285758
900293833
900294380
900294478
900294618
900294923
900297925
900298043
900298074
900298102
900299474
900304858
900308115
900309493
900311569
900311581
900313041
900314923
900315569
900319774
900320612
900321578
900322900
900323853
900324294
900324345
900326523
900326590
900327290
900329399
900329804
900330053
900330656
900331124
900332396
900332426
900334174
900336816
900338494
900338568
900340824
900341086
900341813
900343288
900345954
900346265
900346515
900346627
900347805
900349093
900352185
900352586
900352772
900353873
900354306
900355024
900355222
900358833
900359518
900360954
900361174
900361316
900362633
900362742
900363378
900364830
900365105
900368512
900370679
900373731
900374366
900374554
900375857
900376978
900377163
900377365
900378966
900379324
900382626
900382906
900383170
900384349
900385084
900385512
900386417
900387475
900388525
900391740
900393843
900394905
900396116
900396458
900396499
900397057
900397836
900397839
900399153
900399741
900400149
900400181
900400551
900401714
900402080
900403832
900405206
900406150
900406158
900413541
900414293
900416984
900418207
900418375
900419247
900420488
900422614
900423806
900425750
900428423
900428482
900429973
900432307
900432977
900434009
900436352
900438360
900438876
900440242
900440663
900441048
900442933
900444251
900446648
900446665
900447906
900448902
900450226
900454187
900456160
900456739
900459737
900460297
900460506
900460926
900462511
900463507
900466209
900466369
900466382
900466896
900469988
900470946
900478030
900479653
900480569
900480786
900481586
900481902
900482687
900482757
900483014
900483043
900484033
900484906
900485260
900486095
900487022
900488078
900488622
900489429
900490250
900490716
900490865
900491256
900491846
900491889
900493066
900494060
900497538
900497906
900498582
900499032
900500691
900504184
900511074
900511135
900511703
900513843
900514524
900517323
900517571
900519959
900520112
900521807
900522508
900523882
900525906
900527960
900528835
900529094
900530508
900531210
900532339
900533084
900534356
900535018
900535559
900535995
900538591
900538934
900539662
900541359
900541887
900546130
900551847
900553170
900553715
900557218
900557226
900557235
900557875
900558747
900559650
900560774
900561761
900561861
900564135
900570964
900571849
900572444
900572445
900574924
900576528
900577604
900579930
900580962
900581199
900581542
900584515
900587259
900587526
900588976
900599745
900599810
900601327
900601546
900603965
900608991
900610585
900614404
900614448
900617221
900618273
900618834
900619863
900622152
900622308
900623201
900631450
900641421
900642173
900642766
900643768
900645687
900646882
900647018
900648234
900651752
900652334
900656514
900656960
900658497
900659224
900663379
900664027
900667590
900669017
900669915
900671570
900674141
900675169
900677390
900677748
900686322
900687096
900688524
900690476
900691280
900691450
900693655
900694424
900696296
900701967
900702131
900703240
900705881
900706244
900708729
900708811
900710164
900718172
900718257
900723988
900727478
900729243
900731313
900731891
900733550
900736182
900738763
900743223
900743592
900743695
900744272
900745087
900749094
900757947
900763965
900763977
900769268
900777961
900779576
900780510
900780755
900782661
900783521
900783939
900784744
900785905
900795612
900798708
900798893
900800051
900800263
900800595
900803088
900803651
900804082
900806600
900809229
900810414
900812298
900818921
900819170
900822209
900824185
900828998
900829318
900839078
900841486
900842071
900847099
900854881
900861266
900863582
900865117
900868270
900872769
900886644
900889628
900894722
900894892
900896981
900899128
900903717
900907364
900915647
900916121
900921325
900923902
900925006
900926488
900933881
900937794
900939591
900940300
900941680
900943048
900943307
900953704
900962657
900966568
900969198
900970720
900974078
900976466
900976557
900977603
900977629
900979181
900984889
900991717
900991946
900997034
900999139
901003327
901014886
901024751
901025973
901029016
901038964
901044257
901044640
901047292
901047848
901076661
901082283
901096539
901105612
901106368
901116064
901120266
901121179
901130143
901133933
901137699
901139615
901145809
901147123
901147181
901154391
901164545
901165127
901167273
901168079
901183491
901185374
901186367
901187760
901192913
901196233
901205158
901206622
901211291
901228254
901230044
901246617
901249505
901253015
901261048
901261923
901264185
901283882
901293190
901300741
901318588
901318963
901326481
901337089
901343976
901344877
901345953
901349396
901350051
901352950
901354352
901361643
901368337
901378925
901381198
901398813
901453880
901461076
901471950
901545125
901550788
901568595
901615538
901633554
901655172